17MNO1017
AIDEN CARTER
2
76 82 80 88 85 79 90
21ACD2021
ALEX ALBON
3
12 24 54 23 56 87 68
23JGF1234
ALI MALOU
1
12 12 12 12 12 12 100
47ABC2047
ALICE BELL
3
80 85 90 95 70 75 80
13YZG2013
AMELIA KING
3
80 85 90 95 70 75 100
45VWX2045
AMELIA YOUNG
1
90 85 88 84 87 92 80
11MNO2011
AVA CLARK
2
76 84 80 85 90 91 75
14ABC1014
BENJAMIN SCOTT
1
76 80 85 88 90 92 70
12BFD1234
CARLOZ SAINZ
3
45 45 45 45 45 45 45
33ABC2033
CHARLES WANG
3
65 70 75 80 85 90 95
09GHI2009
CHARLOTTE HARRIS
3
82 88 94 90 76 72 80
23HDB2345
DANIEL RICCHARDO
3
54 56 56 56 56 56 100
36GHF2864
LIANG TIM LOK
3
89 36 90 28 10 90 100
23HGF8945
WONG WEI QI
1
100 100 100 100 92 89 100
85HFG1234
LIN GUO YI
2
83 82 92 82 72 89 28
12YHG7835
KIMI raikonin
1
29 90 85 3 78 100 100
78HFB1234
Kevin Durant
3
100 20 20 100 48 20 100
75HGB8922
Gabriel Hames
2
23 89 32 78 89 100 100
78GBF1230
Lorgan Seargant
3
29 100 100 28 98 78 100